1000
19 13 36
93 85 66
5 5 86
0 55 55
73 7 6
75 69 6
83 39 80
7 33 36
77 67 94
68 76 65
48 100 7
87 40 57
35 68 35
91 22 82
13 66 1
100 84 72
52 56 84
28 13 37
74 29 63
25 55 35
83 88 33
11 30 40
99 26 64
47 39 84
19 77 72
34 68 35
7 62 58
56 84 29
61 38 36
59 46 2
86 25 64
29 94 95
41 98 74
21 28 21
5 97 10
46 74 16
2 21 41
35 81 8
63 53 74
97 16 13
13 9 61
74 27 60
93 61 47
12 59 63
53 89 74
15 81 30
43 97 35
57 85 91
80 15 95
61 6 25
35 29 87
41 31 52
28 88 81
56 22 38
36 69 53
87 47 83
78 12 41
43 86 20
12 100 82
6 33 77
67 5 11
60 2 68
3 75 98
87 22 56
32 96 39
50 66 61
61 30 32
23 68 11
68 88 5
40 9 35
60 81 24
52 68 11
100 6 94
41 97 37
2 20 12
19 57 99
0 27 62
82 24 95
7 52 70
59 75 48
30 60 84
80 33 25
72 82 11
100 64 45
98 85 38
96 97 9
78 56 13
66 20 11
16 58 42
84 26 67
34 16 89
47 12 95
38 73 58
75 76 37
2 77 57
63 38 11
99 41 62
67 94 53
57 87 8
13 99 9
95 62 96
0 39 48
10 22 75
93 26 48
30 29 57
54 6 54
22 61 99
36 60 91
38 27 52
99 58 92
55 94 47
73 79 96
30 41 28
33 84 61
83 77 15
36 42 44
19 23 85
87 21 91
58 27 76
13 62 69
94 29 61
17 79 13
31 43 35
18 82 44
76 23 47
92 31 9
71 52 15
100 26 16
76 7 28
71 86 34
89 42 1
89 80 48
0 2 42
43 24 79
36 17 39
14 36 81
19 15 33
10 32 14
34 44 71
97 7 12
22 88 73
84 93 54
53 22 1
13 9 38
33 36 11
20 94 40
12 3 26
20 71 63
34 99 40
33 39 73
82 89 7
91 83 54
100 1 1
5 77 3
100 45 18
29 42 62
65 48 46
54 70 59
61 95 87
28 43 83
44 4 23
98 39 27
20 39 43
9 67 78
97 83 99
23 7 57
100 66 7
13 55 55
57 10 21
14 89 2
13 45 52
6 74 32
99 10 38
15 74 4
35 97 48
67 67 62
14 46 40
72 69 8
33 69 55
81 8 37
78 31 43
73 66 59
46 13 67
100 90 10
25 69 7
93 92 92
46 54 18
100 89 79
41 67 73
33 29 79
99 60 89
37 77 96
75 9 23
26 20 90
18 61 15
64 16 62
37 92 57
18 75 8
55 77 36
53 92 12
13 68 39
23 7 39
58 91 89
60 86 100
55 71 19
62 46 1
4 90 64
33 34 86
0 57 27
68 6 13
98 96 13
78 84 95
8 64 34
34 21 80
39 62 100
32 74 85
95 11 94
27 23 72
6 56 93
43 47 33
83 98 82
23 8 13
59 31 96
55 48 15
6 90 18
97 14 17
64 70 73
57 66 7
14 19 22
52 44 12
17 89 70
20 60 5
93 73 82
41 97 68
68 13 87
11 99 92
32 10 75
15 70 53
97 82 93
28 74 83
78 28 15
46 83 61
82 65 54
59 83 100
67 89 59
80 80 99
52 79 8
87 63 16
98 57 37
28 62 38
20 60 75
1 28 70
60 4 61
32 67 10
42 62 90
67 14 93
55 32 37
21 80 63
58 99 46
25 18 17
51 16 84
76 85 40
76 41 73
42 67 86
39 5 38
39 85 37
79 8 72
100 89 96
96 80 66
75 97 59
12 85 59
13 94 70
4 64 27
29 90 66
67 43 16
81 58 33
90 69 60
38 8 35
37 33 85
36 98 30
17 73 94
44 62 13
33 61 4
0 68 90
69 11 77
4 1 83
53 6 61
98 6 75
15 19 12
78 28 94
61 9 64
48 38 28
51 76 26
21 89 97
60 52 78
29 16 45
41 85 26
7 95 21
22 41 17
5 20 37
52 96 17
75 83 75
1 23 57
53 66 72
48 52 2
67 77 35
74 76 22
75 71 84
1 52 5
45 39 23
100 9 27
33 58 9
99 91 5
75 12 4
10 9 17
7 29 92
82 20 52
72 98 89
68 31 60
16 20 69
84 98 55
61 11 61
61 56 2
4 8 40
64 96 55
84 40 70
70 25 2
48 21 33
55 65 61
83 56 97
19 87 86
47 1 94
11 92 53
44 88 41
100 61 33
96 2 72
19 53 6
94 30 67
69 18 21
17 26 74
30 64 56
17 78 67
28 11 21
0 89 69
77 23 24
51 22 21
16 35 59
17 31 57
69 26 21
4 80 61
16 43 68
97 18 34
76 27 10
21 6 39
61 53 3
74 3 72
12 71 89
74 32 14
12 65 66
94 7 87
31 20 6
7 34 65
70 35 40
25 43 2
84 63 23
29 25 59
56 57 34
14 84 31
66 43 12
80 78 67
93 21 57
14 10 10
93 81 97
65 19 26
3 66 73
59 72 79
44 5 97
38 2 57
60 81 83
86 98 75
54 83 44
74 24 4
38 92 85
16 12 2
75 18 15
100 91 42
96 28 17
28 89 30
3 31 48
39 62 19
31 47 82
26 63 84
84 18 41
29 35 24
6 53 79
36 4 21
69 44 38
4 84 60
74 35 78
24 64 84
54 18 72
25 60 20
1 45 6
42 65 78
20 46 39
8 87 8
75 18 61
98 55 70
74 98 45
60 87 90
47 85 3
90 48 65
31 46 91
6 27 73
99 99 99
41 12 92
2 1 3
57 76 73
93 54 6
94 75 65
38 6 39
16 96 54
56 6 32
31 9 97
43 82 22
25 12 74
99 62 71
93 62 100
38 36 53
74 13 7
7 29 86
14 63 94
35 16 42
35 55 45
34 27 91
30 64 33
88 76 98
76 86 17
45 54 78
77 31 9
39 62 18
13 28 46
51 65 58
91 54 60
12 9 17
80 2 41
31 11 98
81 14 29
13 42 34
89 99 82
55 82 52
83 41 63
13 15 75
98 85 64
42 13 34
14 78 60
72 68 30
67 19 16
66 15 25
24 100 35
50 42 68
100 68 14
17 69 21
44 35 57
14 58 26
22 89 58
72 21 28
99 95 91
27 23 13
81 38 43
11 72 92
43 44 59
60 57 42
10 36 76
71 87 7
76 10 62
68 23 92
56 92 59
40 32 40
6 45 79
43 81 99
52 58 41
93 79 38
43 48 99
4 64 60
20 56 69
45 24 7
53 52 65
91 77 4
28 75 45
99 70 27
91 96 80
17 42 4
67 88 33
0 15 62
37 29 63
82 45 77
88 40 84
84 63 8
27 69 53
11 5 82
45 39 5
87 37 94
75 2 67
20 73 91
79 67 41
6 36 66
16 79 40
100 31 47
71 75 25
2 32 95
38 18 74
94 30 1
38 87 35
61 58 61
5 95 26
15 29 66
41 87 80
91 63 85
80 53 38
5 47 66
57 38 52
3 22 39
13 47 81
100 91 95
86 15 32
42 4 54
82 19 81
25 40 82
82 86 16
13 46 10
67 12 75
7 83 47
22 97 31
47 74 14
65 77 35
84 90 42
0 44 99
5 98 52
84 58 8
46 71 15
67 23 25
12 72 83
73 9 85
49 11 58
1 97 39
23 1 19
50 45 96
14 72 37
94 13 95
70 100 38
61 85 22
30 15 68
97 70 4
35 73 75
23 89 93
82 47 30
73 81 87
100 18 7
65 77 89
12 33 57
95 82 27
88 17 100
10 72 100
46 4 73
3 83 27
36 22 35
42 63 85
34 44 91
31 10 68
85 96 27
69 91 72
15 12 1
54 53 91
0 65 91
3 40 45
13 62 100
58 36 22
28 12 87
11 97 8
12 98 95
64 20 30
81 69 83
21 57 20
66 92 12
38 3 52
40 5 31
39 5 87
30 44 90
45 94 28
47 88 70
11 45 87
71 8 8
49 79 11
31 86 25
25 17 18
21 99 3
4 38 5
79 48 79
72 96 80
88 5 55
26 26 94
78 22 46
38 96 19
10 34 81
38 20 36
50 82 26
65 81 74
46 60 37
97 10 91
56 61 7
80 94 17
100 47 93
27 63 72
39 68 89
80 22 42
54 99 95
85 85 34
10 37 85
19 80 12
51 16 83
76 47 70
8 7 32
65 69 32
46 59 25
15 48 19
0 53 42
27 65 77
73 6 68
61 87 41
38 100 15
34 38 11
67 1 56
11 69 57
4 11 83
66 19 66
53 97 9
33 18 17
49 37 81
24 1 68
2 64 93
69 62 92
32 14 83
12 55 55
16 88 96
84 32 46
91 59 33
67 83 21
26 54 1
23 70 19
12 25 45
86 67 92
94 11 37
97 88 98
69 39 59
74 86 76
41 88 72
99 77 4
47 2 34
91 2 11
100 31 11
43 30 26
22 28 37
15 72 4
81 30 41
28 2 36
72 9 77
22 15 99
98 28 93
2 76 15
8 58 1
62 18 5
60 38 13
57 92 78
56 83 72
56 43 8
65 89 98
99 61 22
5 77 17
95 23 15
49 35 2
27 56 28
51 37 95
96 23 79
76 45 72
23 35 44
43 99 74
47 66 45
4 17 11
4 78 15
36 54 38
77 83 32
20 11 46
2 57 53
91 24 30
12 8 16
42 7 15
36 64 15
50 96 59
45 38 11
77 75 10
30 86 56
48 48 69
0 99 43
31 9 91
2 72 59
34 10 100
18 56 55
19 71 93
51 66 33
65 18 82
49 22 17
87 15 84
25 76 48
79 100 64
10 19 4
48 16 37
19 32 69
22 2 57
75 68 11
14 12 58
24 84 57
41 9 44
77 46 98
24 29 11
2 36 39
4 99 54
8 88 1
54 36 40
64 25 83
62 17 79
96 33 27
16 81 32
51 61 55
75 40 70
81 16 88
52 10 20
91 65 22
4 92 13
18 18 95
20 24 95
14 59 83
19 25 7
10 33 21
93 28 75
76 78 55
90 67 82
29 75 87
29 71 99
20 73 83
9 77 77
67 45 63
24 26 19
58 16 65
42 33 100
58 90 100
17 63 22
85 85 71
42 35 78
79 88 11
98 22 42
70 91 100
37 21 1
89 41 20
47 27 41
94 20 21
92 3 36
7 25 48
48 59 23
46 69 58
60 68 69
49 97 30
16 74 2
61 88 67
1 69 27
79 7 62
1 74 53
72 40 83
17 6 40
89 48 41
38 10 22
40 47 81
80 25 64
8 3 76
82 32 14
49 32 95
62 24 38
34 85 73
82 97 70
90 93 62
84 71 12
18 69 54
52 20 71
40 76 92
72 84 72
93 8 68
10 33 33
77 76 20
97 44 64
20 28 98
76 77 73
1 42 57
31 9 89
39 42 75
89 21 73
3 38 18
13 78 5
93 73 87
10 38 38
70 67 75
62 46 8
63 4 15
1 90 31
51 46 69
91 86 32
63 39 40
17 53 33
29 21 89
17 55 29
100 37 76
61 71 58
88 7 40
80 74 70
76 84 67
84 79 48
30 9 85
37 24 17
42 73 40
97 81 53
35 43 32
13 17 1
86 82 81
63 90 6
29 72 80
41 48 10
20 41 6
24 81 77
8 100 13
90 16 86
0 33 60
36 67 58
19 67 40
51 52 94
100 39 9
48 62 3
75 33 74
5 74 9
87 93 35
4 57 29
50 78 61
94 62 11
79 12 10
51 34 61
28 95 98
55 99 81
52 37 89
63 73 6
86 92 88
32 43 54
96 10 58
67 45 84
77 91 2
48 86 21
70 93 6
57 59 38
36 86 34
63 74 95
93 68 55
23 60 91
52 71 98
17 37 79
95 85 81
30 83 16
34 92 25
62 59 95
38 15 17
4 62 87
66 96 69
80 70 89
75 91 13
67 56 15
23 7 3
93 40 71
45 58 33
36 32 85
1 7 59
90 22 23
36 98 27
22 20 89
95 21 59
97 58 73
1 87 71
23 66 83
83 53 23
98 100 65
45 58 69
74 73 98
34 67 6
60 24 94
90 70 34
51 82 15
87 5 14
57 76 70
86 41 9
37 73 10
73 81 29
20 62 88
19 32 19
66 22 24
79 37 2
31 37 19
10 28 72
49 86 5
57 64 92
85 68 41
56 82 23
6 97 77
81 88 84
83 81 21
55 82 21
8 31 78
55 94 1
19 41 36
57 52 31
70 16 5
55 84 13
0 32 79
44 95 98
23 36 86
22 95 30
76 58 19
28 95 81
11 73 54
50 91 58
47 27 8
54 98 4
96 44 13
67 53 15
42 67 14
100 91 18
37 13 100
55 94 27
31 83 25
67 54 42
32 81 7
92 38 94
71 75 75
50 58 100
78 12 26
23 17 75
45 3 87
75 93 5
8 67 44
68 45 5
44 52 32
59 98 12
9 100 8
35 22 38
23 3 100
87 20 40
88 55 34
71 83 38
85 7 21
82 77 39
91 88 3
45 61 96
69 77 100
81 64 70
33 20 79
21 53 4
54 69 77
72 73 82
91 74 34
29 2 60
66 75 25
37 87 64
55 37 9
74 83 52
1 54 73
46 18 82
26 91 40
2 94 46
70 87 37
35 8 16
33 55 85
1 23 28
70 42 40
57 75 18
6 54 76
9 3 8
53 90 67
0 20 25
81 64 71
75 55 81
55 83 24
30 57 67
5 42 25
41 26 27
57 53 73
100 63 3
